52
53
54
55
56
57
58
59
60
61
60
61
60
59
58
57
58
57
58
57
56
55
54
53
52
51
52
53
54
55
56
57
58
59
60
61
62
63
64
65
66
67
68
69
70
71
72
73
74
73
74
75
76
77
76
77
76
77
78
79
80
81
82
81
80
81
80
81
82
83
84
85
86
85
84
83
82
82
83
84
85
86
87
88
89
88
89
90
91
90
91
90
91
92
91
92
91
90
89
90
89
88
89
90
89
90
89
90
91
92
91
92
91
90
89
88
89
90
89
90
91
92
93
94
95
94
93
94
93
92
91
90
89
90
91
90
89
88
87
86
86
85
84
83
84
83
82
81
80
79
80
79
80
79
78
77
76
75
74
73
72
71
70
69
68
67
66
65
66
65
64
65
64
65
66
65
64
65
66
67
66
67
68
69
68
67
68
69
70
71
70
69
68
67
68
69
70
71
72
71
70
71
72
73
74
75
74
75
74
75
76
77
78
78
77
78
79
80
81
80
81
82
83
84
85
86
87
88
89
90
91
92
93
94
93
94
95
94
95
96
95
96
97
98
97
96
97
98
99
100
99
100
99
100
99
100
99
100
101
100
99
100
101
102
101
100
99
98
98
99
98
99
98
97
98
97
98
99
100
99
98
97
98
97
98
99
100
101
100
101
102
103
102
103
104
103
104
103
102
101
100
101
100
99
98
97
96
97
97
96
97
96
95
94
93
92
92
91
90
91
92
91
90
91
90
91
92
93
92
91
90
91
90
90
91
92
91
90
89
90
91
92
93
92
93
94
95
96
95
94
95
94
95
96
95
96
97
98
97
98
97
98
97
96
97
96
95
96
95
96
97
98
97
98
99
98
97
98
99
100
99
100
101
102
103
104
105
106
107
108
109
110
109
110
109
108
107
108
107
106
105
104
103
102
101
100
101
100
99
100
101
102
103
104
105
104
105
106
107
106
107
106
105
106
105
106
107
108
109
108
109
110
109
108
107
106
105
104
103
102
103
102
101
100
101
100
99
98
97
96
95
94
95
94
93
94
93
92
91
92
93
92
93
94
95
94
94
95
94
93
92
91
92
91
90
89
90
91
92
93
94
95
96
97
96
97
98
99
100
101
102
103
102
103
102
103
104
105
104
103
102
103
104
103
102
103
102
103
102
103
104
103
104
105
106
107
108
107
106
107
108
107
108
109
108
109
110
111
112
113
114
115
116
117
118
117
118
119
118
119
120
119
120
121
122
123
124
125
126
125
126
125
124
123
122
121
122
123
122
121
120
121
122
121
120
119
118
119
120
119
118
117
116
115
114
113
114
113
112
111
110
111
110
109
108
108
107
108
107
106
107
108
109
108
107
106
105
104
103
104
105
106
105
104
105
104
103
102
101
100
99
98
99
98
97
98
97
98
99
100
99
100
101
102
101
102
103
104
103
102
101
102
101
102
101
100
99
98
97
98
99
98
97
98
97
96
97
98
97
96
97
96
97
98
97
96
95
94
95
96
97
98
99
100
101
102
103
104
105
106
107
108
109
110
111
112
113
114
115
116
117
118
119
120
121
122
121
120
121
120
121
120
120
119
118
117
118
117
116
115
114
115
116
115
114
113
112
111
110
109
108
109
108
109
110
111
112
113
114
115
116
117
118
119
120
121
122
123
124
125
126
127
128
129
130
129
128
127
126
127
126
125
126
125
124
123
122
121
122
123
124
124
123
122
121
122
121
120
119
118
119
118
117
116
115
116
117
118
119
118
119
120
121
122
123
124
123
124
125
126
126
127
128
129
128
129
128
129
128
127
128
129
130
131
130
129
128
127
126
125
124
123
122
123
122
123
124
125
126
127
128
127
126
127
126
125
124
123
124
123
122
121
120
119
118
117
116
115
114
113
112
111
110
109
108
107
106
105
104
103
104
103
102
103
104
103
102
101
102
101
102
103
102
103
104
103
104
105
104
105
104
105
106
105
106
107
108
109
110
111
110
110
109
108
109
110
109
110
111
112
111
110
111
110
109
108
107
106
105
104
103
102
101
100
99
98
97
96
95
94
95
96
95
94
95
94
93
94
95
96
97
96
97
96
96
95
96
97
96
97
96
97
98
99
98
99
98
99
100
101
100
101
102
101
100
99
98
97
96
95
96
95
96
95
94
95
94
95
96
97
96
97
98
99
100
99
100
101
100
101
100
101
102
101
102
103
104
105
106
105
105
104
103
104
103
104
105
106
107
106
107
108
109
110
109
108
109
110
111
110
109
110
111
110
109
108
109
108
107
106